Binary Results:
Accuracy: 0.6425188779830933
Precision: 0.623254120349884
Recall: 0.7195190787315369
AUC: 0.6963398456573486
Loss: 0.6466111540794373

