Accuracy: 0.5281645345960845
Precision: 0.531227946365561
Recall: 0.4283072546230441
AUC: 0.5608832233657571
