Accuracy: 0.3860343487172238
Precision: 0.41879844438686326
Recall: 0.38521903614210123
AUC: 0.5682551886513009

